4
0  0  7  9   8  0  14  0   4  15  0  10   0  0  12  0 
6  15  1  0   6  0  3  0   9  0  0  0   0  11  0  0 
6  14  0  12   0  4  10  0   5  3  8  0   15  0  9  0 
0  0  0  0   0  0  0  16   13  1  0  0   0  0  0  5 

13  12  5  7   0  0  0  1   3  0  16  0   9  0  8  0 
0  0  0  16   10  0  0  6   14  0  0  0   10  0  0  0 
14  0  0  0   0  15  0  2   6  0  13  0   0  0  0  7 
0  0  0  0   0  0  0  0   0  0  0  5   13  15  0  14 

0  1  9  0   3  16  2  0   0  0  0  0   4  0  10  12 
0  0  16  6   0  7  0  0   0  4  12  8   0  0  0  0 
0  0  8  0   0  0  15  10   0  0  0  9   2  5  0  0 
0  0  15  0   0  0  1  0   0  0  3  0   0  9  6  0 

0  0  0  0   0  0  0  0   16  0  0  14   5  7  11  0 
7  0  0  0   0  0  10  0   0  6  0  2   0  0  0  4 
11  16  4  0   0  14  13  0   15  12  0  0   8  0  0  0 
9  0  0  0   0  5  0  4   0  0  0  11   0  10  0  1 