4
0 14 0 6 7 0 11 3 0 0 4 16 5 13 9 1 
4 16 0 8 9 1 0 0 0 0 6 0 0 0 11 3 
1 13 0 5 0 0 10 0 11 7 3 0 4 0 0 0 
0 0 0 0 8 16 12 4 13 9 5 0 0 14 10 2 
13 9 5 1 0 10 6 14 7 0 15 0 0 0 0 0 
0 10 0 0 3 0 7 15 0 0 0 12 1 9 0 0 
0 11 0 3 0 0 0 0 9 0 1 0 0 0 0 0 
0 0 0 0 0 13 0 0 0 0 2 0 0 0 0 15 
7 3 15 11 0 0 16 8 1 13 0 5 0 2 14 6 
5 0 0 0 0 0 0 0 0 0 0 0 8 0 0 0 
0 0 14 10 11 3 15 7 0 12 8 4 9 1 13 5 
8 4 16 12 0 5 1 0 2 14 10 0 0 0 15 7 
9 5 1 0 14 6 2 10 0 15 11 7 12 0 0 0 
0 8 0 16 1 0 0 0 6 2 14 10 15 7 3 0 
10 0 2 0 15 7 0 11 0 0 12 0 13 5 1 9 
11 0 3 15 16 8 4 0 5 1 13 9 0 6 0 10 
